5.75763
27.868
109.773
6.84168
1196.11
5.6403
34.4269
110.645
46.4174
38.0871
8.68346
9.72998
42.4407
20.7854
36.4926
199.337
109.785
142.659
98.5711
10.5462
13.7063
48.4034
28.764
14.1001
61.3132
394.224
313.835
114.156
91.7784
15.7448
546.831
19.9435
6.49363
54.0069
45.2922
17.2982
213.343
19.4639
31.1672
112.968
9.28909
15.5864
7.19447
63.3726
52.1075
4.11101
14.5671
11.4177
62.2005
325.354
24.0423
33.6577
7.98499
71.0471
23.9159
39.1
25.7695
57.5293
8.83753
39.7645
6.6876
18.6765
5.80109
6.12109
69.7256
11.7511
24.9395
11.6622
34.8843
15.7831
20.5349
16.636
15.616
123.454
47.0882
24.5318
2.81481
19.4493
6.98904
10.4277
13.3713
37.1978
19.9589
121.809
42.6406
2298.48
38.5185
32.386
124.641
3.43862
43.6203
126.676
18.287
112.883
2.21551
13.1552
46.0014
50.6129
31.3541
20.6139
