0.013037
0.00987654
0.00750617
0.0082963
0.00750617
0.00592593
0.00592593
0.0225185
0.00592593
0.0233086
0.00632099
0.0217284
0.00592593
0.00592593
0.00671605
0.00632099
0.00632099
0.00632099
0.025284
0.00750617
0.00711111
0.00632099
0.00750617
0.00592593
0.0082963
0.0248889
0.00671605
0.00987654
0.00948148
0.00987654
0.00987654
0.0102716
0.00948148
0.00750617
0.00987654
0.0146173
0.00790123
0.0150123
0.0296296
0.0082963
0.0161975
0.0185679
0.0308148
0.00790123
0.0106667
0.0134321
0.0110617
0.0082963
0.0106667
0.0106667
0.0154074
0.0146173
0.0229136
0.0229136
0.0134321
0.0138272
0.0150123
0.00948148
0.0082963
0.00750617
0.00632099
0.00711111
0.00632099
0.00592593
0.00632099
0.00632099
0.00592593
0.0272593
0.0264691
0.0264691
0.0268642
0.0323951
0.0138272
0.0260741
0.00987654
0.013037
0.00711111
0.00750617
0.0268642
0.0268642
0.00632099
0.0276543
0.0280494
0.0296296
0.00750617
0.0229136
0.0142222
0.00790123
0.00750617
0.00632099
0.00632099
0.0268642
0.0268642
0.0308148
0.0106667
0.0082963
0.00790123
0.0233086
0.00750617
0.00948148
